6.360 0 0.529 0.235 0.575 0.320 backward
6.400 0 0.529 0.233 0.578 0.318 backward
6.440 0 0.532 0.230 0.581 0.315 backward
6.480 0 0.535 0.228 0.583 0.315 backward
6.520 0 0.537 0.225 0.586 0.312 backward
6.560 0 0.540 0.223 0.589 0.310 backward
6.600 0 0.544 0.220 0.593 0.307 backward
6.640 0 0.547 0.217 0.596 0.305 backward
6.680 0 0.549 0.217 0.599 0.305 backward
6.720 0 0.551 0.215 0.601 0.305 detection
6.760 0 0.554 0.215 0.604 0.305 forward
6.800 0 0.557 0.215 0.607 0.302 forward
6.840 0 0.558 0.215 0.608 0.302 forward
6.880 0 0.560 0.215 0.610 0.302 forward
6.920 0 0.561 0.215 0.611 0.302 forward
6.960 0 0.564 0.215 0.613 0.302 forward
7.000 0 0.571 0.217 0.619 0.307 backward
7.040 0 0.574 0.220 0.622 0.307 backward
7.080 0 0.575 0.220 0.625 0.310 backward
7.120 0 0.575 0.223 0.625 0.310 backward
7.160 0 0.575 0.223 0.625 0.312 backward
7.200 0 0.574 0.225 0.624 0.315 detection
7.240 0 0.572 0.228 0.622 0.318 forward
7.280 0 0.569 0.233 0.618 0.320 forward
7.320 0 0.568 0.233 0.617 0.320 forward
7.360 0 0.567 0.235 0.615 0.325 forward
7.400 0 0.565 0.237 0.614 0.325 forward
7.440 0 0.562 0.237 0.611 0.325 forward
7.480 0 0.560 0.240 0.608 0.328 forward
7.520 0 0.556 0.242 0.604 0.330 forward
7.560 0 0.554 0.247 0.601 0.330 forward
7.600 0 0.550 0.247 0.597 0.333 forward
7.640 0 0.547 0.247 0.593 0.333 forward
7.680 0 0.544 0.247 0.592 0.333 forward
7.720 0 0.543 0.247 0.589 0.330 forward
7.760 0 0.540 0.250 0.586 0.333 forward
7.800 0 0.539 0.250 0.586 0.335 forward
7.840 0 0.539 0.253 0.585 0.338 forward
7.880 0 0.539 0.258 0.585 0.340 forward
7.920 0 0.537 0.260 0.585 0.345 forward
7.960 0 0.542 0.263 0.588 0.345 forward
8.000 0 0.542 0.265 0.588 0.347 forward
8.040 0 0.544 0.268 0.590 0.350 forward
8.080 0 0.543 0.270 0.589 0.355 forward
8.120 0 0.546 0.278 0.592 0.360 forward
8.160 0 0.550 0.285 0.594 0.367 forward
8.200 0 0.554 0.290 0.600 0.370 forward
8.240 0 0.557 0.287 0.603 0.370 forward
8.280 0 0.562 0.290 0.607 0.372 forward
8.320 0 0.564 0.285 0.610 0.367 forward
8.120 1 0.426 0.138 0.478 0.230 backward
8.160 1 0.424 0.135 0.474 0.225 detection
8.200 1 0.424 0.133 0.474 0.225 forward
8.240 1 0.425 0.130 0.476 0.220 forward
8.280 1 0.428 0.125 0.479 0.220 forward
8.320 1 0.432 0.122 0.482 0.215 forward
8.360 1 0.432 0.125 0.481 0.212 forward
8.400 1 0.433 0.125 0.482 0.212 forward
8.440 1 0.432 0.125 0.482 0.215 forward
8.480 1 0.431 0.120 0.489 0.225 forward+backward
8.520 1 0.432 0.128 0.489 0.230 forward+backward
8.560 1 0.431 0.135 0.487 0.237 forward+backward
8.600 1 0.431 0.140 0.487 0.240 forward+backward
8.640 1 0.429 0.138 0.489 0.245 detection
8.680 1 0.429 0.140 0.487 0.247 forward+backward
8.720 1 0.426 0.142 0.485 0.250 forward+backward
8.760 1 0.422 0.140 0.482 0.250 forward+backward
8.800 1 0.422 0.140 0.482 0.247 forward+backward
8.840 1 0.419 0.138 0.481 0.247 forward+backward
8.880 1 0.418 0.135 0.479 0.247 forward+backward
8.920 1 0.415 0.133 0.478 0.245 forward+backward
8.960 1 0.412 0.130 0.474 0.245 forward+backward
9.000 1 0.407 0.128 0.471 0.242 forward+backward
9.040 1 0.404 0.128 0.467 0.240 forward+backward
9.080 1 0.400 0.125 0.463 0.240 forward+backward
9.120 1 0.396 0.125 0.456 0.235 detection
9.160 1 0.393 0.125 0.453 0.235 forward+backward
9.200 1 0.389 0.125 0.450 0.235 forward+backward
9.240 1 0.388 0.125 0.449 0.235 forward+backward
9.280 1 0.386 0.128 0.449 0.240 forward+backward
9.320 1 0.385 0.128 0.447 0.240 forward+backward
9.360 1 0.383 0.130 0.446 0.242 forward+backward
9.400 1 0.383 0.133 0.446 0.247 forward+backward
9.440 1 0.382 0.138 0.446 0.253 forward+backward
9.480 1 0.381 0.140 0.443 0.253 forward+backward
9.520 1 0.381 0.145 0.444 0.260 forward+backward
9.560 1 0.381 0.147 0.443 0.260 forward+backward
9.600 1 0.382 0.150 0.443 0.258 detection
9.640 1 0.386 0.150 0.446 0.258 forward+backward
9.680 1 0.388 0.152 0.447 0.258 forward+backward
9.720 1 0.386 0.152 0.447 0.260 forward+backward
9.760 1 0.388 0.150 0.449 0.260 forward+backward
9.800 1 0.388 0.150 0.449 0.258 forward+backward
9.840 1 0.390 0.147 0.451 0.258 forward+backward
9.880 1 0.389 0.147 0.451 0.258 forward+backward
9.920 1 0.392 0.147 0.453 0.255 forward+backward
9.960 1 0.392 0.145 0.453 0.253 forward+backward
10.000 1 0.393 0.145 0.453 0.250 forward+backward
10.040 1 0.393 0.140 0.454 0.247 forward+backward
10.080 1 0.396 0.138 0.456 0.245 detection
10.120 1 0.397 0.135 0.456 0.242 forward
10.160 1 0.393 0.135 0.453 0.242 forward
10.200 1 0.393 0.135 0.453 0.240 forward
10.240 1 0.392 0.133 0.454 0.242 forward
10.280 1 0.392 0.133 0.454 0.242 forward
10.320 1 0.389 0.133 0.453 0.247 forward
8.480 2 0.556 0.240 0.617 0.350 backward
8.520 2 0.556 0.237 0.617 0.347 backward
8.560 2 0.558 0.235 0.618 0.345 backward
8.600 2 0.560 0.233 0.619 0.343 backward
8.640 2 0.562 0.235 0.622 0.343 detection
8.680 2 0.564 0.235 0.625 0.345 forward
8.720 2 0.567 0.235 0.626 0.343 forward
8.760 2 0.564 0.235 0.625 0.343 forward
8.800 2 0.567 0.235 0.628 0.345 forward
8.840 2 0.565 0.240 0.624 0.345 forward
8.880 2 0.568 0.240 0.626 0.345 forward
8.920 2 0.565 0.240 0.625 0.347 forward
8.960 2 0.564 0.245 0.622 0.350 forward
9.000 2 0.560 0.245 0.619 0.352 forward
9.040 2 0.561 0.250 0.619 0.355 forward+backward
9.080 2 0.556 0.250 0.614 0.357 forward+backward
9.120 2 0.550 0.250 0.610 0.355 forward+backward
9.160 2 0.544 0.242 0.604 0.350 forward+backward
9.200 2 0.540 0.240 0.600 0.347 forward+backward
9.240 2 0.536 0.237 0.597 0.347 forward+backward
9.280 2 0.535 0.240 0.594 0.350 forward+backward
9.320 2 0.532 0.240 0.593 0.350 forward+backward
9.360 2 0.531 0.240 0.592 0.352 forward+backward
9.400 2 0.531 0.242 0.592 0.355 forward+backward
9.440 2 0.529 0.242 0.592 0.355 forward+backward
9.480 2 0.529 0.242 0.590 0.355 forward+backward
9.520 2 0.529 0.242 0.590 0.355 forward+backward
9.560 2 0.528 0.242 0.590 0.355 forward+backward
9.600 2 0.528 0.242 0.590 0.357 forward+backward
9.640 2 0.528 0.242 0.590 0.357 forward+backward
9.680 2 0.529 0.242 0.590 0.357 forward+backward
9.720 2 0.529 0.242 0.592 0.357 forward+backward
9.760 2 0.531 0.242 0.592 0.357 forward+backward
9.800 2 0.531 0.242 0.593 0.355 forward+backward
9.840 2 0.532 0.240 0.594 0.355 forward+backward
9.880 2 0.532 0.240 0.594 0.352 forward+backward
9.920 2 0.535 0.240 0.597 0.352 forward+backward
9.960 2 0.536 0.240 0.599 0.352 forward+backward
10.000 2 0.536 0.240 0.599 0.355 forward+backward
10.040 2 0.536 0.240 0.600 0.355 forward+backward
10.080 2 0.543 0.245 0.603 0.355 detection
10.120 2 0.544 0.245 0.604 0.355 forward
10.160 2 0.544 0.247 0.604 0.357 forward
10.200 2 0.546 0.247 0.606 0.357 forward
10.240 2 0.546 0.250 0.606 0.360 forward
10.280 2 0.547 0.250 0.607 0.360 forward
10.320 2 0.547 0.250 0.607 0.360 forward
10.360 3 0.515 0.190 0.669 0.465 backward
10.400 3 0.515 0.193 0.669 0.470 backward
10.440 3 0.518 0.200 0.671 0.472 backward
10.480 3 0.514 0.198 0.665 0.470 backward
10.520 3 0.517 0.205 0.667 0.470 backward
10.560 3 0.508 0.200 0.658 0.468 detection
10.600 3 0.497 0.203 0.650 0.475 forward+backward
10.640 3 0.494 0.203 0.646 0.472 forward+backward
10.680 3 0.490 0.205 0.640 0.472 forward+backward
10.720 3 0.482 0.205 0.636 0.480 forward+backward
10.760 3 0.479 0.207 0.628 0.472 forward+backward
10.800 3 0.475 0.205 0.624 0.472 forward+backward
10.840 3 0.471 0.207 0.619 0.470 forward+backward
10.880 3 0.469 0.205 0.617 0.468 forward+backward
10.920 3 0.463 0.205 0.611 0.470 forward+backward
10.960 3 0.464 0.203 0.614 0.470 forward+backward
11.000 3 0.460 0.200 0.610 0.468 forward+backward
11.040 3 0.458 0.200 0.608 0.468 detection
11.080 3 0.463 0.193 0.611 0.458 forward+backward
11.120 3 0.458 0.188 0.606 0.450 forward+backward
11.160 3 0.460 0.185 0.608 0.450 forward+backward
11.200 3 0.457 0.182 0.607 0.448 forward+backward
11.240 3 0.460 0.182 0.611 0.450 forward+backward
11.280 3 0.463 0.182 0.613 0.453 forward+backward
11.320 3 0.465 0.188 0.614 0.455 forward+backward
11.360 3 0.472 0.193 0.621 0.458 forward+backward
11.400 3 0.475 0.195 0.622 0.460 forward+backward
11.440 3 0.483 0.200 0.632 0.465 forward+backward
11.480 3 0.485 0.203 0.635 0.468 forward+backward
11.520 3 0.492 0.200 0.642 0.468 detection
11.560 3 0.497 0.195 0.644 0.460 forward+backward
11.600 3 0.501 0.193 0.650 0.458 forward+backward
11.640 3 0.493 0.188 0.642 0.455 forward+backward
11.680 3 0.497 0.188 0.647 0.453 forward+backward
11.720 3 0.487 0.182 0.637 0.448 forward+backward
11.760 3 0.486 0.180 0.635 0.445 forward+backward
11.800 3 0.478 0.177 0.628 0.445 forward+backward
11.840 3 0.472 0.175 0.624 0.445 forward+backward
11.880 3 0.469 0.177 0.619 0.445 forward+backward
11.920 3 0.464 0.177 0.613 0.443 forward+backward
11.960 3 0.460 0.177 0.608 0.443 forward+backward
12.000 3 0.458 0.170 0.608 0.438 detection
12.040 3 0.454 0.172 0.606 0.440 forward+backward
12.080 3 0.457 0.170 0.607 0.438 forward+backward
12.120 3 0.461 0.170 0.610 0.438 forward+backward
12.160 3 0.463 0.172 0.611 0.438 forward+backward
12.200 3 0.465 0.177 0.611 0.438 forward+backward
12.240 3 0.467 0.180 0.614 0.443 forward+backward
12.280 3 0.468 0.182 0.615 0.448 forward+backward
12.320 3 0.469 0.188 0.617 0.453 forward+backward
12.360 3 0.471 0.193 0.617 0.453 forward+backward
12.400 3 0.472 0.195 0.618 0.455 forward+backward
12.440 3 0.474 0.195 0.622 0.460 forward+backward
12.480 3 0.475 0.200 0.625 0.468 detection
12.520 3 0.474 0.207 0.624 0.475 forward
12.560 3 0.481 0.220 0.628 0.482 forward
12.600 3 0.478 0.225 0.626 0.490 forward
12.640 3 0.485 0.235 0.629 0.495 forward
12.680 4 0.406 0.185 0.561 0.463 backward
12.720 4 0.406 0.182 0.561 0.463 backward
12.760 4 0.401 0.188 0.557 0.465 backward
12.800 4 0.400 0.195 0.554 0.470 backward
12.840 4 0.397 0.200 0.551 0.475 backward
12.880 4 0.393 0.203 0.544 0.470 backward
12.920 4 0.393 0.200 0.542 0.468 backward
12.960 4 0.392 0.200 0.542 0.468 detection
13.000 4 0.388 0.198 0.551 0.492 forward+backward
13.040 4 0.390 0.200 0.553 0.490 forward+backward
13.080 4 0.383 0.198 0.547 0.492 forward+backward
13.120 4 0.381 0.200 0.542 0.487 forward+backward
13.160 4 0.379 0.203 0.535 0.482 forward+backward
13.200 4 0.374 0.198 0.529 0.477 forward+backward
13.240 4 0.369 0.195 0.525 0.472 forward+backward
13.280 4 0.365 0.193 0.519 0.470 forward+backward
13.320 4 0.361 0.190 0.517 0.470 forward+backward
13.360 4 0.360 0.198 0.510 0.465 forward+backward
13.400 4 0.357 0.195 0.506 0.463 forward+backward
13.440 4 0.360 0.200 0.508 0.468 detection
13.480 4 0.356 0.190 0.504 0.460 forward+backward
13.520 4 0.350 0.188 0.500 0.458 forward+backward
13.560 4 0.344 0.182 0.494 0.453 forward+backward
13.600 4 0.339 0.185 0.485 0.448 forward+backward
13.640 4 0.336 0.182 0.482 0.448 forward+backward
13.680 4 0.329 0.182 0.475 0.445 forward+backward
13.720 4 0.331 0.180 0.478 0.445 forward+backward
13.760 4 0.329 0.177 0.476 0.443 forward+backward
13.800 4 0.333 0.180 0.481 0.445 forward+backward
13.840 4 0.336 0.180 0.482 0.443 forward+backward
13.880 4 0.340 0.180 0.485 0.443 forward+backward
13.920 4 0.343 0.170 0.492 0.438 detection
13.960 4 0.347 0.175 0.492 0.432 forward+backward
14.000 4 0.353 0.177 0.494 0.432 forward+backward
14.040 4 0.358 0.172 0.506 0.435 forward+backward
14.080 4 0.364 0.175 0.510 0.438 forward+backward
14.120 4 0.374 0.177 0.519 0.438 forward+backward
14.160 4 0.382 0.172 0.528 0.432 forward+backward
14.200 4 0.390 0.175 0.536 0.438 forward+backward
14.240 4 0.399 0.175 0.546 0.438 forward+backward
14.280 4 0.407 0.172 0.554 0.435 forward+backward
14.320 4 0.415 0.170 0.562 0.435 forward+backward
14.360 4 0.424 0.172 0.571 0.438 forward+backward
14.400 4 0.425 0.170 0.575 0.438 detection
14.440 4 0.432 0.175 0.582 0.440 forward+backward
14.480 4 0.429 0.175 0.578 0.440 forward+backward
14.520 4 0.436 0.177 0.583 0.440 forward+backward
14.560 4 0.431 0.175 0.576 0.435 forward+backward
14.600 4 0.429 0.175 0.572 0.430 forward+backward
14.640 4 0.418 0.168 0.564 0.427 forward+backward
14.680 4 0.419 0.163 0.567 0.427 forward+backward
14.720 4 0.411 0.165 0.560 0.427 forward+backward
14.760 4 0.410 0.163 0.560 0.427 forward+backward
14.800 4 0.400 0.160 0.553 0.430 forward+backward
14.840 4 0.396 0.165 0.547 0.435 forward+backward
14.880 4 0.392 0.170 0.542 0.438 detection
14.920 4 0.386 0.172 0.536 0.440 forward
14.960 4 0.383 0.177 0.531 0.443 forward
15.000 4 0.374 0.175 0.524 0.443 forward
15.040 4 0.372 0.172 0.525 0.445 forward
15.080 5 0.811 0.072 0.915 0.260 backward
15.120 5 0.811 0.072 0.915 0.260 backward
15.160 5 0.811 0.072 0.914 0.260 backward
15.200 5 0.810 0.072 0.912 0.260 backward
15.240 5 0.814 0.072 0.917 0.260 backward
15.280 5 0.808 0.072 0.911 0.260 backward
15.320 5 0.812 0.072 0.915 0.260 backward
15.360 5 0.807 0.072 0.910 0.260 backward
15.400 5 0.811 0.075 0.912 0.260 backward
15.440 5 0.806 0.075 0.908 0.260 backward
15.480 5 0.810 0.075 0.911 0.260 backward
15.520 5 0.804 0.075 0.906 0.260 backward
15.560 5 0.807 0.075 0.910 0.260 backward
15.600 5 0.804 0.075 0.907 0.260 backward
15.640 5 0.804 0.075 0.907 0.263 backward
15.680 5 0.801 0.075 0.903 0.260 backward
15.720 5 0.804 0.075 0.907 0.263 backward
15.760 5 0.799 0.075 0.900 0.260 backward
15.800 5 0.801 0.075 0.904 0.263 backward
15.840 5 0.797 0.075 0.900 0.263 backward
15.880 5 0.801 0.075 0.903 0.263 backward
15.920 5 0.797 0.075 0.900 0.263 backward
15.960 5 0.797 0.075 0.899 0.263 backward
16.000 5 0.796 0.075 0.899 0.263 backward
16.040 5 0.799 0.077 0.900 0.263 backward
16.080 5 0.796 0.077 0.897 0.263 backward
16.120 5 0.796 0.077 0.897 0.263 backward
16.160 5 0.794 0.075 0.896 0.263 backward
16.200 5 0.796 0.075 0.897 0.263 backward
16.240 5 0.792 0.075 0.894 0.263 backward
16.280 5 0.794 0.075 0.896 0.263 backward
16.320 5 0.790 0.075 0.893 0.263 detection
16.360 5 0.790 0.075 0.893 0.263 forward
16.400 5 0.787 0.075 0.889 0.260 forward
16.440 5 0.789 0.075 0.892 0.263 forward
16.480 5 0.785 0.075 0.887 0.263 forward
16.520 5 0.787 0.075 0.889 0.263 forward
16.560 5 0.785 0.075 0.886 0.263 forward
16.600 5 0.786 0.075 0.887 0.263 forward
16.640 5 0.785 0.075 0.887 0.263 forward
16.680 5 0.783 0.075 0.886 0.263 forward
16.720 5 0.781 0.075 0.883 0.263 forward
16.760 5 0.785 0.075 0.889 0.263 forward
16.800 5 0.781 0.075 0.883 0.263 forward
16.840 5 0.783 0.077 0.886 0.265 forward
16.880 5 0.782 0.075 0.885 0.263 forward
16.920 5 0.782 0.075 0.885 0.263 forward
16.960 5 0.782 0.075 0.885 0.263 forward
17.000 5 0.779 0.075 0.882 0.263 forward
15.480 6 0.375 0.175 0.460 0.325 backward
15.520 6 0.372 0.175 0.457 0.325 backward
15.560 6 0.368 0.175 0.451 0.323 backward
15.600 6 0.365 0.175 0.449 0.325 backward
15.640 6 0.364 0.180 0.444 0.325 backward
15.680 6 0.364 0.185 0.443 0.328 backward
15.720 6 0.361 0.188 0.440 0.330 backward
15.760 6 0.360 0.190 0.438 0.330 backward
15.800 6 0.357 0.193 0.433 0.330 backward
15.840 6 0.356 0.195 0.428 0.325 detection
15.880 6 0.351 0.193 0.425 0.325 forward+backward
15.920 6 0.350 0.195 0.422 0.325 forward+backward
15.960 6 0.349 0.195 0.422 0.328 forward+backward
16.000 6 0.349 0.195 0.422 0.328 forward+backward
16.040 6 0.347 0.195 0.421 0.330 forward+backward
16.080 6 0.347 0.195 0.422 0.330 forward+backward
16.120 6 0.347 0.195 0.422 0.330 forward+backward
16.160 6 0.347 0.195 0.422 0.330 forward+backward
16.200 6 0.346 0.193 0.422 0.330 forward+backward
16.240 6 0.347 0.195 0.422 0.330 forward+backward
16.280 6 0.344 0.195 0.419 0.330 forward+backward
16.320 6 0.347 0.195 0.419 0.325 detection
16.360 6 0.347 0.188 0.428 0.330 forward+backward
16.400 6 0.347 0.188 0.428 0.333 forward+backward
16.440 6 0.347 0.190 0.428 0.333 forward+backward
16.480 6 0.349 0.190 0.429 0.333 forward+backward
16.520 6 0.349 0.190 0.429 0.333 forward+backward
16.560 6 0.347 0.188 0.429 0.333 forward+backward
16.600 6 0.350 0.188 0.432 0.333 forward+backward
16.640 6 0.347 0.188 0.428 0.333 forward+backward
16.680 6 0.351 0.190 0.432 0.333 forward+backward
16.720 6 0.347 0.188 0.429 0.335 forward+backward
16.760 6 0.350 0.188 0.432 0.335 forward+backward
16.800 6 0.350 0.182 0.438 0.338 detection
16.840 6 0.353 0.188 0.433 0.333 forward+backward
16.880 6 0.350 0.188 0.431 0.333 forward+backward
16.920 6 0.351 0.188 0.432 0.333 forward+backward
16.960 6 0.350 0.188 0.429 0.333 forward+backward
17.000 6 0.350 0.188 0.431 0.333 forward+backward
17.040 6 0.349 0.190 0.428 0.330 forward+backward
17.080 6 0.349 0.188 0.429 0.333 forward+backward
17.120 6 0.346 0.188 0.425 0.330 forward+backward
17.160 6 0.346 0.188 0.425 0.330 forward+backward
17.200 6 0.342 0.188 0.421 0.330 forward+backward
17.240 6 0.340 0.188 0.419 0.330 forward+backward
17.280 6 0.340 0.195 0.411 0.325 detection
17.320 6 0.335 0.193 0.412 0.333 forward+backward
17.360 6 0.332 0.193 0.410 0.333 forward+backward
17.400 6 0.329 0.190 0.407 0.333 forward+backward
17.440 6 0.326 0.193 0.404 0.335 forward+backward
17.480 6 0.325 0.193 0.403 0.333 forward+backward
17.520 6 0.324 0.193 0.401 0.333 forward+backward
17.560 6 0.324 0.193 0.401 0.335 forward+backward
17.600 6 0.324 0.193 0.403 0.335 forward+backward
17.640 6 0.325 0.195 0.404 0.338 forward+backward
17.680 6 0.329 0.195 0.408 0.338 forward+backward
17.720 6 0.331 0.198 0.410 0.343 forward+backward
17.760 6 0.332 0.200 0.418 0.355 detection
17.800 6 0.339 0.207 0.425 0.362 forward+backward
17.840 6 0.346 0.215 0.432 0.370 forward+backward
17.880 6 0.354 0.220 0.439 0.375 forward+backward
17.920 6 0.362 0.220 0.449 0.375 forward+backward
17.960 6 0.369 0.220 0.456 0.375 forward+backward
18.000 6 0.376 0.220 0.463 0.375 forward+backward
18.040 6 0.381 0.217 0.468 0.375 forward+backward
18.080 6 0.385 0.220 0.469 0.372 forward+backward
18.120 6 0.388 0.217 0.474 0.370 forward+backward
18.160 6 0.390 0.217 0.475 0.370 forward+backward
18.200 6 0.390 0.215 0.476 0.370 forward+backward
18.240 6 0.389 0.217 0.475 0.372 detection
18.280 6 0.386 0.223 0.471 0.375 forward
18.320 6 0.383 0.220 0.471 0.378 forward
16.240 7 0.443 0.388 0.528 0.542 backward
16.280 7 0.443 0.388 0.529 0.545 backward
16.320 7 0.447 0.390 0.533 0.545 detection
16.360 7 0.446 0.395 0.539 0.562 forward+backward
16.400 7 0.444 0.398 0.537 0.562 forward+backward
16.440 7 0.449 0.398 0.540 0.562 forward+backward
16.480 7 0.449 0.393 0.542 0.560 forward+backward
16.520 7 0.450 0.390 0.543 0.557 forward+backward
16.560 7 0.450 0.388 0.544 0.557 forward+backward
16.600 7 0.450 0.388 0.546 0.557 forward+backward
16.640 7 0.450 0.388 0.546 0.557 forward+backward
16.680 7 0.451 0.388 0.547 0.560 forward+backward
16.720 7 0.454 0.388 0.550 0.560 forward+backward
16.760 7 0.458 0.385 0.554 0.557 forward+backward
16.800 7 0.456 0.388 0.560 0.573 detection
16.840 7 0.465 0.388 0.558 0.555 forward+backward
16.880 7 0.469 0.385 0.567 0.557 forward+backward
16.920 7 0.476 0.385 0.572 0.557 forward+backward
16.960 7 0.485 0.388 0.581 0.560 forward+backward
17.000 7 0.492 0.390 0.588 0.560 forward+backward
17.040 7 0.500 0.393 0.594 0.562 forward+backward
17.080 7 0.507 0.398 0.601 0.568 forward+backward
17.120 7 0.518 0.400 0.613 0.570 forward+backward
17.160 7 0.529 0.403 0.624 0.570 forward+backward
17.200 7 0.540 0.403 0.633 0.573 forward+backward
17.240 7 0.549 0.395 0.643 0.565 forward+backward
17.280 7 0.562 0.390 0.649 0.545 detection
17.320 7 0.574 0.385 0.658 0.540 forward
17.360 7 0.583 0.380 0.669 0.535 forward
17.400 7 0.593 0.383 0.678 0.535 forward
17.440 7 0.600 0.385 0.683 0.537 forward
17.480 7 0.603 0.380 0.690 0.537 forward
17.520 7 0.606 0.380 0.693 0.535 forward
17.560 7 0.604 0.378 0.692 0.532 forward
17.600 7 0.603 0.372 0.692 0.532 forward
17.640 7 0.603 0.372 0.693 0.535 forward
17.440 8 0.590 0.347 0.694 0.537 backward
17.480 8 0.596 0.350 0.700 0.537 backward
17.520 8 0.600 0.347 0.703 0.535 backward
17.560 8 0.599 0.345 0.703 0.532 backward
17.600 8 0.600 0.345 0.701 0.532 backward
17.640 8 0.601 0.345 0.704 0.532 backward
17.680 8 0.599 0.345 0.701 0.532 backward
17.720 8 0.600 0.345 0.703 0.532 backward
17.760 8 0.594 0.345 0.697 0.532 detection
17.800 8 0.589 0.345 0.692 0.532 forward
17.840 8 0.583 0.347 0.685 0.532 forward
17.880 8 0.579 0.345 0.679 0.530 forward
17.920 8 0.579 0.350 0.678 0.532 forward
17.960 8 0.578 0.350 0.676 0.530 forward
18.000 8 0.578 0.350 0.674 0.527 forward
18.040 8 0.576 0.352 0.671 0.525 forward
18.080 8 0.571 0.352 0.665 0.525 forward
18.120 8 0.571 0.352 0.664 0.522 forward
19.760 9 0.393 0.185 0.449 0.285 backward
19.800 9 0.396 0.182 0.453 0.287 backward
19.840 9 0.401 0.182 0.457 0.287 backward
19.880 9 0.404 0.185 0.460 0.287 backward
19.920 9 0.408 0.182 0.464 0.287 backward
19.960 9 0.410 0.182 0.469 0.290 backward
20.000 9 0.412 0.180 0.472 0.290 backward
20.040 9 0.415 0.180 0.478 0.295 backward
20.080 9 0.419 0.180 0.481 0.292 backward
20.120 9 0.425 0.182 0.485 0.292 backward
20.160 9 0.429 0.185 0.489 0.295 detection
20.200 9 0.432 0.188 0.486 0.285 forward+backward
20.240 9 0.436 0.190 0.489 0.285 forward+backward
20.280 9 0.440 0.193 0.493 0.290 forward+backward
20.320 9 0.443 0.195 0.497 0.290 forward+backward
20.360 9 0.446 0.193 0.500 0.292 forward+backward
20.400 9 0.449 0.190 0.503 0.287 forward+backward
20.440 9 0.451 0.182 0.507 0.282 forward+backward
20.480 9 0.456 0.180 0.510 0.280 forward+backward
20.520 9 0.458 0.177 0.514 0.280 forward+backward
20.560 9 0.461 0.177 0.518 0.280 forward+backward
20.600 9 0.465 0.177 0.522 0.282 forward+backward
20.640 9 0.468 0.175 0.518 0.265 detection
20.680 9 0.475 0.177 0.524 0.265 forward+backward
20.720 9 0.479 0.180 0.528 0.268 forward+backward
20.760 9 0.485 0.177 0.535 0.268 forward+backward
20.800 9 0.492 0.177 0.540 0.268 forward+backward
20.840 9 0.499 0.177 0.547 0.265 forward+backward
20.880 9 0.507 0.177 0.554 0.265 forward+backward
20.920 9 0.512 0.177 0.561 0.265 forward+backward
20.960 9 0.519 0.180 0.568 0.268 forward+backward
21.000 9 0.526 0.180 0.575 0.270 forward+backward
21.040 9 0.533 0.185 0.582 0.273 forward+backward
21.080 9 0.539 0.185 0.589 0.273 forward+backward
21.120 9 0.544 0.185 0.593 0.273 forward+backward
21.160 9 0.549 0.182 0.597 0.270 forward+backward
21.200 9 0.554 0.182 0.603 0.270 forward+backward
21.240 9 0.558 0.182 0.607 0.270 forward+backward
21.280 9 0.562 0.182 0.611 0.270 forward+backward
21.320 9 0.567 0.182 0.617 0.270 forward+backward
21.360 9 0.571 0.180 0.619 0.270 forward+backward
21.400 9 0.574 0.182 0.622 0.270 forward+backward
21.440 9 0.576 0.182 0.625 0.270 forward+backward
21.480 9 0.581 0.185 0.628 0.273 forward+backward
21.520 9 0.582 0.188 0.629 0.275 forward+backward
21.560 9 0.583 0.190 0.631 0.275 forward+backward
21.600 9 0.585 0.195 0.635 0.285 detection
21.640 9 0.586 0.195 0.636 0.285 forward+backward
21.680 9 0.586 0.195 0.636 0.287 forward+backward
21.720 9 0.586 0.195 0.637 0.287 forward+backward
21.760 9 0.585 0.200 0.635 0.290 forward+backward
21.800 9 0.586 0.198 0.636 0.287 forward+backward
21.840 9 0.583 0.198 0.633 0.287 forward+backward
21.880 9 0.583 0.195 0.633 0.285 forward+backward
21.920 9 0.581 0.198 0.631 0.285 forward+backward
21.960 9 0.579 0.195 0.629 0.285 forward+backward
22.000 9 0.576 0.195 0.628 0.287 forward+backward
22.040 9 0.575 0.198 0.625 0.287 forward+backward
22.080 9 0.574 0.195 0.624 0.285 detection
22.120 9 0.571 0.198 0.621 0.285 forward
22.160 9 0.567 0.198 0.617 0.287 forward
22.200 9 0.562 0.198 0.613 0.287 forward
22.240 9 0.558 0.200 0.608 0.290 forward
22.280 9 0.554 0.200 0.604 0.290 forward
22.320 9 0.550 0.198 0.606 0.300 forward+backward
22.360 9 0.544 0.200 0.601 0.302 forward+backward
22.400 9 0.540 0.198 0.597 0.302 forward+backward
22.440 9 0.535 0.200 0.593 0.302 forward+backward
22.480 9 0.531 0.200 0.588 0.302 forward+backward
22.520 9 0.526 0.203 0.583 0.305 forward+backward
22.560 9 0.522 0.205 0.578 0.305 forward+backward
22.600 9 0.518 0.205 0.574 0.305 forward+backward
22.640 9 0.515 0.207 0.569 0.305 forward+backward
22.680 9 0.511 0.205 0.567 0.305 forward+backward
22.720 9 0.508 0.207 0.564 0.307 forward+backward
22.760 9 0.506 0.207 0.561 0.307 forward+backward
22.800 9 0.504 0.207 0.560 0.307 forward+backward
22.840 9 0.501 0.207 0.557 0.307 forward+backward
22.880 9 0.499 0.205 0.556 0.307 forward+backward
22.920 9 0.496 0.207 0.551 0.307 forward+backward
22.960 9 0.493 0.207 0.549 0.307 forward+backward
23.000 9 0.492 0.210 0.546 0.307 forward+backward
23.040 9 0.489 0.210 0.549 0.318 detection
23.080 9 0.487 0.210 0.542 0.307 forward+backward
23.120 9 0.483 0.210 0.537 0.307 forward+backward
23.160 9 0.481 0.210 0.535 0.310 forward+backward
23.200 9 0.478 0.210 0.533 0.310 forward+backward
23.240 9 0.475 0.210 0.531 0.310 forward+backward
23.280 9 0.475 0.207 0.532 0.307 forward+backward
23.320 9 0.472 0.205 0.529 0.307 forward+backward
23.360 9 0.471 0.203 0.529 0.307 forward+backward
23.400 9 0.469 0.203 0.528 0.307 forward+backward
23.440 9 0.468 0.203 0.526 0.307 forward+backward
23.480 9 0.467 0.203 0.525 0.307 forward+backward
23.520 9 0.468 0.205 0.518 0.295 detection
23.560 9 0.469 0.203 0.519 0.292 forward+backward
23.600 9 0.468 0.203 0.518 0.292 forward+backward
23.640 9 0.468 0.200 0.518 0.290 forward+backward
23.680 9 0.465 0.200 0.515 0.287 forward+backward
23.720 9 0.467 0.198 0.517 0.287 forward+backward
23.760 9 0.464 0.198 0.514 0.287 forward+backward
23.800 9 0.465 0.195 0.515 0.287 forward+backward
23.840 9 0.463 0.195 0.512 0.287 forward+backward
23.880 9 0.464 0.195 0.514 0.287 forward+backward
23.920 9 0.461 0.195 0.511 0.287 forward+backward
23.960 9 0.461 0.195 0.512 0.287 forward+backward
24.000 9 0.463 0.195 0.512 0.285 detection
24.040 9 0.461 0.195 0.511 0.287 forward
24.080 9 0.458 0.198 0.510 0.287 forward
21.880 10 0.967 0.395 1.029 0.507 backward
21.920 10 0.960 0.395 1.021 0.507 backward
21.960 10 0.951 0.395 1.014 0.507 backward
22.000 10 0.944 0.395 1.006 0.507 backward
22.040 10 0.936 0.393 0.999 0.505 backward
22.080 10 0.929 0.395 0.990 0.505 backward
22.120 10 0.919 0.393 0.982 0.505 backward
22.160 10 0.911 0.395 0.974 0.505 backward
22.200 10 0.903 0.395 0.964 0.505 backward
22.240 10 0.894 0.395 0.956 0.505 backward
22.280 10 0.885 0.395 0.946 0.505 backward
22.320 10 0.878 0.395 0.939 0.505 backward
22.360 10 0.868 0.393 0.931 0.505 backward
22.400 10 0.861 0.393 0.922 0.502 backward
22.440 10 0.854 0.395 0.915 0.505 backward
22.480 10 0.844 0.393 0.906 0.502 backward
22.520 10 0.838 0.395 0.899 0.505 backward
22.560 10 0.828 0.393 0.889 0.502 backward
22.600 10 0.821 0.395 0.882 0.505 backward
22.640 10 0.814 0.393 0.875 0.502 backward
22.680 10 0.808 0.395 0.868 0.502 backward
22.720 10 0.800 0.393 0.861 0.502 backward
22.760 10 0.794 0.395 0.854 0.505 backward
22.800 10 0.787 0.395 0.849 0.505 backward
22.840 10 0.782 0.395 0.843 0.502 backward
22.880 10 0.776 0.395 0.836 0.505 backward
22.920 10 0.771 0.395 0.832 0.502 backward
22.960 10 0.767 0.395 0.828 0.505 backward
23.000 10 0.761 0.395 0.822 0.505 backward
23.040 10 0.757 0.395 0.818 0.505 backward
23.080 10 0.753 0.395 0.812 0.505 backward
23.120 10 0.749 0.398 0.807 0.505 backward
23.160 10 0.746 0.400 0.804 0.505 backward
23.200 10 0.742 0.398 0.801 0.505 backward
23.240 10 0.739 0.400 0.797 0.505 backward
23.280 10 0.735 0.398 0.794 0.505 backward
23.320 10 0.733 0.398 0.793 0.505 backward
23.360 10 0.729 0.398 0.790 0.507 backward
23.400 10 0.728 0.398 0.787 0.505 backward
23.440 10 0.725 0.398 0.786 0.507 backward
23.480 10 0.724 0.400 0.783 0.507 backward
23.520 10 0.722 0.400 0.782 0.507 backward
23.560 10 0.718 0.400 0.778 0.507 backward
23.600 10 0.718 0.398 0.779 0.510 backward
23.640 10 0.715 0.400 0.776 0.510 backward
23.680 10 0.714 0.400 0.775 0.510 backward
23.720 10 0.713 0.400 0.774 0.510 backward
23.760 10 0.711 0.400 0.772 0.510 backward
23.800 10 0.710 0.400 0.769 0.510 backward
23.840 10 0.708 0.403 0.767 0.510 backward
23.880 10 0.706 0.403 0.765 0.510 backward
23.920 10 0.706 0.400 0.767 0.510 backward
23.960 10 0.704 0.403 0.764 0.510 backward
24.000 10 0.703 0.403 0.762 0.510 detection
24.040 10 0.701 0.403 0.761 0.510 forward
24.080 10 0.700 0.403 0.761 0.510 forward
22.680 11 0.140 0.145 0.188 0.230 backward
22.720 11 0.138 0.142 0.185 0.228 backward
22.760 11 0.135 0.140 0.181 0.225 backward
22.800 11 0.133 0.138 0.181 0.223 backward
22.840 11 0.132 0.135 0.179 0.220 backward
22.880 11 0.132 0.133 0.182 0.220 backward
22.920 11 0.133 0.133 0.181 0.217 backward
22.960 11 0.136 0.133 0.183 0.217 backward
23.000 11 0.138 0.133 0.186 0.220 backward
23.040 11 0.140 0.135 0.188 0.220 backward
23.080 11 0.146 0.138 0.193 0.223 backward
23.120 11 0.150 0.138 0.197 0.225 backward
23.160 11 0.153 0.140 0.203 0.230 backward
23.200 11 0.158 0.140 0.207 0.230 backward
23.240 11 0.163 0.140 0.212 0.230 backward
23.280 11 0.168 0.138 0.217 0.225 backward
23.320 11 0.174 0.135 0.224 0.223 backward
23.360 11 0.179 0.133 0.228 0.220 backward
23.400 11 0.183 0.130 0.233 0.217 backward
23.440 11 0.189 0.128 0.237 0.212 backward
23.480 11 0.193 0.128 0.242 0.215 backward
23.520 11 0.196 0.125 0.246 0.215 detection
23.560 11 0.199 0.125 0.249 0.217 forward+backward
23.600 11 0.203 0.128 0.253 0.217 forward+backward
23.640 11 0.206 0.128 0.256 0.217 forward+backward
23.680 11 0.210 0.130 0.258 0.220 forward+backward
23.720 11 0.210 0.133 0.260 0.223 forward+backward
23.760 11 0.212 0.135 0.261 0.223 forward+backward
23.800 11 0.214 0.135 0.264 0.223 forward+backward
23.840 11 0.215 0.130 0.265 0.223 forward+backward
23.880 11 0.218 0.128 0.268 0.220 forward+backward
23.920 11 0.219 0.128 0.269 0.217 forward+backward
23.960 11 0.222 0.125 0.272 0.215 forward+backward
24.000 11 0.224 0.125 0.274 0.215 detection
24.040 11 0.226 0.125 0.276 0.215 forward
24.080 11 0.229 0.122 0.279 0.212 forward
24.120 12 0.411 0.285 0.514 0.470 backward
24.160 12 0.410 0.282 0.515 0.472 backward
24.200 12 0.406 0.280 0.515 0.475 backward
24.240 12 0.410 0.282 0.515 0.472 backward
24.280 12 0.407 0.280 0.515 0.475 backward
24.320 12 0.411 0.282 0.515 0.470 backward
24.360 12 0.411 0.282 0.515 0.470 backward
24.400 12 0.411 0.282 0.515 0.470 backward
24.440 12 0.411 0.280 0.519 0.475 backward
24.480 12 0.410 0.282 0.514 0.470 detection
24.520 12 0.408 0.260 0.522 0.465 forward+backward
24.560 12 0.410 0.260 0.521 0.463 forward+backward
24.600 12 0.411 0.263 0.522 0.463 forward+backward
24.640 12 0.407 0.260 0.517 0.460 forward+backward
24.680 12 0.412 0.263 0.524 0.463 forward+backward
24.720 12 0.408 0.260 0.518 0.458 forward+backward
24.760 12 0.412 0.263 0.524 0.463 forward+backward
24.800 12 0.408 0.260 0.524 0.468 forward+backward
24.840 12 0.410 0.263 0.524 0.470 forward+backward
24.880 12 0.412 0.265 0.524 0.465 forward+backward
24.920 12 0.408 0.265 0.519 0.465 forward+backward
24.960 12 0.410 0.240 0.533 0.465 detection
25.000 12 0.410 0.242 0.531 0.463 forward+backward
25.040 12 0.414 0.245 0.533 0.463 forward+backward
25.080 12 0.411 0.242 0.532 0.463 forward+backward
25.120 12 0.411 0.242 0.533 0.465 forward+backward
25.160 12 0.411 0.242 0.533 0.465 forward+backward
25.200 12 0.412 0.242 0.535 0.465 forward+backward
25.240 12 0.410 0.242 0.533 0.465 forward+backward
25.280 12 0.410 0.242 0.533 0.465 forward+backward
25.320 12 0.410 0.240 0.533 0.465 forward+backward
25.360 12 0.412 0.242 0.533 0.463 forward+backward
25.400 12 0.410 0.242 0.531 0.463 forward+backward
25.440 12 0.410 0.240 0.533 0.465 detection
25.480 12 0.411 0.263 0.525 0.468 forward+backward
25.520 12 0.411 0.263 0.524 0.465 forward+backward
25.560 12 0.411 0.263 0.525 0.468 forward+backward
25.600 12 0.411 0.263 0.524 0.468 forward+backward
25.640 12 0.411 0.263 0.524 0.468 forward+backward
25.680 12 0.412 0.263 0.525 0.468 forward+backward
25.720 12 0.411 0.263 0.525 0.468 forward+backward
25.760 12 0.410 0.263 0.521 0.465 forward+backward
25.800 12 0.412 0.263 0.526 0.468 forward+backward
25.840 12 0.410 0.263 0.522 0.468 forward+backward
25.880 12 0.412 0.265 0.525 0.468 forward+backward
25.920 12 0.410 0.282 0.514 0.470 detection
25.960 12 0.408 0.285 0.510 0.468 forward
26.000 12 0.410 0.282 0.514 0.470 forward
26.040 12 0.408 0.285 0.510 0.468 forward
26.080 12 0.414 0.287 0.514 0.465 forward
26.120 12 0.412 0.287 0.508 0.460 forward
26.160 13 0.439 0.207 0.487 0.295 backward
26.200 13 0.440 0.207 0.489 0.292 backward
26.240 13 0.438 0.205 0.486 0.292 backward
26.280 13 0.439 0.205 0.489 0.292 backward
26.320 13 0.439 0.203 0.489 0.295 backward
26.360 13 0.439 0.205 0.490 0.295 backward
26.400 13 0.440 0.205 0.490 0.295 detection
26.440 13 0.442 0.205 0.492 0.295 forward
26.480 13 0.444 0.207 0.493 0.297 forward
26.520 13 0.447 0.207 0.497 0.297 forward
27.120 13 0.460 0.205 0.507 0.290 backward
27.160 13 0.463 0.210 0.511 0.297 backward
27.200 13 0.464 0.215 0.512 0.302 backward
27.240 13 0.464 0.215 0.514 0.302 backward
27.280 13 0.464 0.215 0.514 0.305 backward
27.320 13 0.464 0.215 0.514 0.305 backward
27.360 13 0.463 0.215 0.512 0.305 detection
27.400 13 0.460 0.212 0.511 0.305 forward
27.440 13 0.458 0.212 0.510 0.305 forward
28.040 13 0.463 0.247 0.512 0.338 backward
28.080 13 0.468 0.253 0.518 0.343 backward
28.120 13 0.475 0.255 0.525 0.345 backward
28.160 13 0.482 0.255 0.532 0.345 backward
28.200 13 0.489 0.255 0.539 0.345 backward
28.240 13 0.494 0.255 0.543 0.345 backward
28.280 13 0.500 0.258 0.550 0.347 backward
28.320 13 0.503 0.255 0.553 0.345 backward
28.360 13 0.507 0.253 0.557 0.343 backward
28.400 13 0.508 0.250 0.558 0.340 backward
28.440 13 0.510 0.250 0.560 0.340 backward
28.480 13 0.511 0.247 0.561 0.338 backward
28.520 13 0.512 0.247 0.562 0.335 backward
28.560 13 0.512 0.247 0.562 0.338 backward
28.600 13 0.514 0.250 0.562 0.338 backward
28.640 13 0.514 0.250 0.564 0.340 backward
28.680 13 0.515 0.250 0.565 0.340 backward
28.720 13 0.512 0.250 0.564 0.343 backward
28.760 13 0.515 0.253 0.565 0.340 backward
28.800 13 0.514 0.253 0.564 0.340 backward
28.840 13 0.515 0.253 0.565 0.343 backward
28.880 13 0.514 0.253 0.564 0.343 backward
28.920 13 0.515 0.253 0.565 0.343 backward
28.960 13 0.514 0.253 0.564 0.343 backward
29.000 13 0.514 0.253 0.565 0.343 backward
29.040 13 0.514 0.253 0.562 0.343 backward
29.080 13 0.514 0.255 0.564 0.343 backward
29.120 13 0.512 0.255 0.562 0.343 backward
29.160 13 0.512 0.255 0.561 0.343 backward
29.200 13 0.514 0.255 0.562 0.345 backward
29.240 13 0.511 0.255 0.560 0.343 backward
29.280 13 0.512 0.255 0.562 0.345 detection
29.320 13 0.512 0.258 0.562 0.350 forward+backward
29.360 13 0.512 0.258 0.562 0.347 forward+backward
29.400 13 0.515 0.260 0.565 0.350 forward+backward
29.440 13 0.512 0.258 0.561 0.347 forward+backward
29.480 13 0.515 0.260 0.564 0.347 forward+backward
29.520 13 0.512 0.260 0.562 0.347 forward+backward
29.560 13 0.514 0.258 0.562 0.347 forward+backward
29.600 13 0.511 0.258 0.561 0.347 forward+backward
29.640 13 0.512 0.258 0.562 0.347 forward+backward
29.680 13 0.512 0.258 0.562 0.347 forward+backward
29.720 13 0.512 0.260 0.562 0.350 forward+backward
29.760 13 0.512 0.265 0.562 0.355 detection
29.800 13 0.512 0.268 0.561 0.355 forward
29.840 13 0.515 0.270 0.564 0.357 forward
29.880 13 0.514 0.273 0.562 0.357 forward
29.920 13 0.517 0.273 0.565 0.360 forward
29.960 13 0.515 0.275 0.565 0.365 forward
30.000 13 0.518 0.278 0.568 0.367 forward
30.040 13 0.517 0.278 0.567 0.367 forward
26.160 14 0.685 0.415 0.736 0.505 backward
26.200 14 0.685 0.415 0.736 0.505 backward
26.240 14 0.685 0.415 0.736 0.505 backward
26.280 14 0.685 0.415 0.736 0.505 backward
26.320 14 0.685 0.415 0.736 0.505 backward
26.360 14 0.685 0.415 0.736 0.505 backward
26.400 14 0.685 0.415 0.736 0.505 backward
26.440 14 0.685 0.415 0.736 0.505 backward
26.480 14 0.685 0.415 0.736 0.505 backward
26.520 14 0.686 0.415 0.736 0.505 backward
26.560 14 0.685 0.415 0.736 0.505 backward
26.600 14 0.685 0.415 0.736 0.505 backward
26.640 14 0.685 0.415 0.736 0.505 backward
26.680 14 0.685 0.415 0.736 0.505 backward
26.720 14 0.686 0.415 0.736 0.505 backward
26.760 14 0.686 0.415 0.736 0.505 backward
26.800 14 0.686 0.415 0.736 0.505 backward
26.840 14 0.686 0.415 0.736 0.505 backward
26.880 14 0.686 0.415 0.736 0.505 backward
26.920 14 0.686 0.415 0.736 0.505 backward
26.960 14 0.686 0.415 0.736 0.505 backward
27.000 14 0.686 0.415 0.738 0.505 backward
27.040 14 0.686 0.415 0.736 0.505 backward
27.080 14 0.686 0.415 0.736 0.505 backward
27.120 14 0.686 0.415 0.736 0.505 backward
27.160 14 0.686 0.415 0.736 0.505 backward
27.200 14 0.686 0.415 0.736 0.505 backward
27.240 14 0.686 0.415 0.736 0.505 backward
27.280 14 0.686 0.415 0.736 0.507 backward
27.320 14 0.686 0.415 0.736 0.507 backward
27.360 14 0.685 0.415 0.735 0.505 backward
27.400 14 0.686 0.415 0.736 0.505 backward
27.440 14 0.685 0.415 0.735 0.505 backward
27.480 14 0.686 0.415 0.736 0.505 backward
27.520 14 0.686 0.415 0.736 0.505 backward
27.560 14 0.686 0.415 0.736 0.505 backward
27.600 14 0.686 0.415 0.738 0.505 backward
27.640 14 0.688 0.415 0.735 0.502 backward
27.680 14 0.688 0.415 0.738 0.505 backward
27.720 14 0.685 0.415 0.735 0.505 backward
27.760 14 0.688 0.415 0.736 0.505 backward
27.800 14 0.685 0.415 0.735 0.505 backward
27.840 14 0.685 0.415 0.735 0.505 detection
27.880 14 0.682 0.412 0.733 0.507 forward+backward
27.920 14 0.682 0.412 0.735 0.507 forward+backward
27.960 14 0.681 0.415 0.733 0.507 forward+backward
28.000 14 0.681 0.412 0.732 0.507 forward+backward
28.040 14 0.681 0.412 0.732 0.507 forward+backward
28.080 14 0.679 0.412 0.731 0.507 forward+backward
28.120 14 0.679 0.415 0.732 0.507 forward+backward
28.160 14 0.678 0.415 0.731 0.507 forward+backward
28.200 14 0.679 0.415 0.731 0.507 forward+backward
28.240 14 0.678 0.415 0.731 0.507 forward+backward
28.280 14 0.679 0.415 0.732 0.507 forward+backward
28.320 14 0.678 0.412 0.731 0.507 forward+backward
28.360 14 0.681 0.415 0.732 0.507 forward+backward
28.400 14 0.679 0.415 0.731 0.507 forward+backward
28.440 14 0.679 0.415 0.732 0.507 forward+backward
28.480 14 0.679 0.415 0.731 0.507 forward+backward
28.520 14 0.679 0.412 0.731 0.507 forward+backward
28.560 14 0.679 0.412 0.731 0.507 forward+backward
28.600 14 0.679 0.412 0.731 0.507 forward+backward
28.640 14 0.679 0.415 0.731 0.507 forward+backward
28.680 14 0.679 0.415 0.731 0.507 forward+backward
28.720 14 0.679 0.415 0.731 0.507 forward+backward
28.760 14 0.679 0.415 0.731 0.507 forward+backward
28.800 14 0.679 0.415 0.731 0.507 forward+backward
28.840 14 0.679 0.415 0.731 0.507 forward+backward
28.880 14 0.679 0.415 0.731 0.507 forward+backward
28.920 14 0.679 0.415 0.729 0.507 forward+backward
28.960 14 0.681 0.415 0.731 0.507 forward+backward
29.000 14 0.679 0.415 0.729 0.505 forward+backward
29.040 14 0.681 0.415 0.731 0.505 forward+backward
29.080 14 0.681 0.417 0.731 0.505 forward+backward
29.120 14 0.681 0.417 0.731 0.507 forward+backward
29.160 14 0.681 0.417 0.731 0.505 forward+backward
29.200 14 0.682 0.415 0.732 0.505 forward+backward
29.240 14 0.681 0.415 0.731 0.507 forward+backward
29.280 14 0.683 0.415 0.733 0.505 forward+backward
29.320 14 0.682 0.417 0.732 0.505 forward+backward
29.360 14 0.685 0.415 0.733 0.505 forward+backward
29.400 14 0.683 0.415 0.733 0.505 forward+backward
29.440 14 0.685 0.415 0.735 0.505 forward+backward
29.480 14 0.685 0.415 0.735 0.505 forward+backward
29.520 14 0.686 0.417 0.735 0.505 forward+backward
29.560 14 0.686 0.417 0.735 0.505 forward+backward
29.600 14 0.686 0.417 0.733 0.502 forward+backward
29.640 14 0.686 0.415 0.735 0.505 forward+backward
29.680 14 0.686 0.415 0.735 0.505 forward+backward
29.720 14 0.686 0.415 0.735 0.505 forward+backward
29.760 14 0.685 0.415 0.735 0.505 detection
29.800 14 0.685 0.415 0.735 0.505 forward
29.840 14 0.685 0.415 0.735 0.505 forward
29.880 14 0.685 0.415 0.733 0.505 forward
29.920 14 0.683 0.415 0.732 0.505 forward
29.960 14 0.685 0.415 0.735 0.505 forward
30.000 14 0.683 0.415 0.733 0.502 forward
30.040 14 0.685 0.415 0.733 0.505 forward
26.280 15 0.289 0.140 0.336 0.223 backward
26.320 15 0.292 0.138 0.339 0.223 backward
26.360 15 0.294 0.138 0.342 0.223 backward
26.400 15 0.296 0.135 0.346 0.225 detection
26.440 15 0.300 0.138 0.347 0.225 forward
26.480 15 0.301 0.135 0.350 0.225 forward
26.520 15 0.303 0.135 0.351 0.223 forward
26.560 15 0.301 0.135 0.351 0.223 forward
26.600 15 0.303 0.133 0.353 0.223 forward
26.640 15 0.303 0.133 0.353 0.223 forward
26.680 15 0.304 0.133 0.354 0.223 forward
26.720 15 0.306 0.133 0.356 0.220 forward
26.600 16 0.307 0.130 0.358 0.223 backward
26.640 16 0.307 0.130 0.357 0.223 backward
26.680 16 0.310 0.130 0.358 0.220 backward
26.720 16 0.308 0.130 0.358 0.220 backward
26.760 16 0.310 0.128 0.360 0.217 backward
26.800 16 0.311 0.128 0.361 0.217 backward
26.840 16 0.311 0.125 0.361 0.215 backward
26.880 16 0.312 0.125 0.362 0.215 detection
26.920 16 0.312 0.122 0.362 0.212 forward+backward
26.960 16 0.312 0.122 0.362 0.212 forward+backward
27.000 16 0.314 0.122 0.364 0.212 forward+backward
27.040 16 0.314 0.122 0.362 0.212 forward+backward
27.080 16 0.314 0.125 0.364 0.212 forward+backward
27.120 16 0.314 0.125 0.364 0.215 forward+backward
27.160 16 0.315 0.125 0.364 0.215 forward+backward
27.200 16 0.315 0.125 0.365 0.215 forward+backward
27.240 16 0.315 0.128 0.365 0.217 forward+backward
27.280 16 0.315 0.128 0.365 0.217 forward+backward
27.320 16 0.315 0.130 0.367 0.220 forward+backward
27.360 16 0.317 0.130 0.367 0.220 forward+backward
27.400 16 0.317 0.130 0.367 0.220 forward+backward
27.440 16 0.318 0.133 0.368 0.220 forward+backward
27.480 16 0.318 0.133 0.367 0.223 forward+backward
27.520 16 0.319 0.135 0.368 0.223 forward+backward
27.560 16 0.318 0.135 0.367 0.225 forward+backward
27.600 16 0.318 0.138 0.368 0.225 forward+backward
27.640 16 0.318 0.138 0.368 0.228 forward+backward
27.680 16 0.318 0.138 0.368 0.228 forward+backward
27.720 16 0.318 0.138 0.368 0.228 forward+backward
27.760 16 0.318 0.138 0.367 0.228 forward+backward
27.800 16 0.319 0.138 0.367 0.225 forward+backward
27.840 16 0.318 0.135 0.368 0.225 detection
27.880 16 0.315 0.135 0.367 0.225 forward+backward
27.920 16 0.317 0.135 0.367 0.225 forward+backward
27.960 16 0.315 0.135 0.365 0.223 forward+backward
28.000 16 0.317 0.135 0.367 0.223 forward+backward
28.040 16 0.315 0.135 0.365 0.223 forward+backward
28.080 16 0.317 0.135 0.367 0.225 forward+backward
28.120 16 0.315 0.135 0.365 0.225 forward+backward
28.160 16 0.317 0.135 0.365 0.225 forward+backward
28.200 16 0.315 0.135 0.367 0.225 forward+backward
28.240 16 0.314 0.135 0.365 0.225 forward+backward
28.280 16 0.314 0.135 0.365 0.225 forward+backward
28.320 16 0.312 0.135 0.362 0.225 detection
28.360 16 0.312 0.138 0.362 0.228 forward+backward
28.400 16 0.311 0.135 0.361 0.225 forward+backward
28.440 16 0.311 0.135 0.362 0.228 forward+backward
28.480 16 0.311 0.135 0.362 0.225 forward+backward
28.520 16 0.310 0.133 0.361 0.225 forward+backward
28.560 16 0.311 0.133 0.361 0.225 forward+backward
28.600 16 0.310 0.133 0.361 0.225 forward+backward
28.640 16 0.310 0.133 0.361 0.225 forward+backward
28.680 16 0.308 0.133 0.360 0.225 forward+backward
28.720 16 0.308 0.133 0.358 0.225 forward+backward
28.760 16 0.307 0.133 0.358 0.225 forward+backward
28.800 16 0.307 0.135 0.357 0.225 detection
28.840 16 0.308 0.138 0.358 0.225 forward+backward
28.880 16 0.308 0.135 0.358 0.225 forward+backward
28.920 16 0.308 0.135 0.358 0.225 forward+backward
28.960 16 0.308 0.133 0.358 0.225 forward+backward
29.000 16 0.308 0.133 0.360 0.225 forward+backward
29.040 16 0.307 0.133 0.358 0.225 forward+backward
29.080 16 0.308 0.133 0.360 0.225 forward+backward
29.120 16 0.307 0.133 0.358 0.225 forward+backward
29.160 16 0.308 0.133 0.360 0.225 forward+backward
29.200 16 0.310 0.133 0.360 0.223 forward+backward
29.240 16 0.310 0.133 0.360 0.223 forward+backward
29.280 16 0.312 0.135 0.362 0.225 detection
29.320 16 0.310 0.135 0.361 0.225 forward+backward
29.360 16 0.310 0.135 0.360 0.225 forward+backward
29.400 16 0.311 0.135 0.361 0.225 forward+backward
29.440 16 0.310 0.133 0.360 0.225 forward+backward
29.480 16 0.312 0.135 0.362 0.225 forward+backward
29.520 16 0.310 0.135 0.360 0.225 forward+backward
29.560 16 0.311 0.135 0.361 0.225 forward+backward
29.600 16 0.310 0.135 0.360 0.225 forward+backward
29.640 16 0.311 0.135 0.361 0.225 forward+backward
29.680 16 0.310 0.135 0.360 0.225 forward+backward
29.720 16 0.310 0.138 0.360 0.225 forward+backward
29.760 16 0.307 0.135 0.357 0.225 detection
29.800 16 0.306 0.135 0.356 0.225 forward
29.840 16 0.308 0.138 0.357 0.225 forward
29.880 16 0.307 0.135 0.357 0.225 forward
29.920 16 0.307 0.135 0.357 0.225 forward
29.960 16 0.306 0.135 0.356 0.225 forward
30.000 16 0.306 0.135 0.356 0.225 forward
30.040 16 0.304 0.135 0.354 0.225 forward
